Score: 6
Nodes: 5,3,3,1
Genes:[[[1.3001829422392683, 0.8000856027691232, -1.5785073281530515, -2.8647414187322386, -0.7141955007518759, -0.3670487821346391, -3.7998092630225644, -4.405835967094093, 2.0557444816390857, -0.09336194023387456, -0.7266628432639095, 0.5002341909216479, 0.32317776785895425, -1.9559411100920112, 0.14616350746591955], [-0.6300914796369126, -2.25749173353568, 1.4792635329477752, -0.3327470291154955, 4.9655237160018455, -1.3673537444481587, -1.603815188875779, -3.187818364141801, 3.12763867621749], [-1.125398828359506, -3.460349939960378, 3.0711242443193996]], [[4.226548855181022, 4.291171140731139, -2.424117565430474], [-4.9718817032241525, -0.6808755943276221, -4.768670702354022], [0.9272046954287498]]]
